745444
746175
747060
745116
745445
746089
746165
746335
746418
746737
746821
745039
745687
745283
747224
745848
745604
745117
746091
746412
745276
745435
745682
747223
746167
745850
746818
745599
747063
745684
745119
746087
746333
746736
745037
745436
746410
747221
746168
745278
745602
747062
745115
745845
746090
746739
746332
746413
746815
745035
745683
745279
745438
747222
746166
746817
746899
744875
747058
745600
746085
745109
745842
746409
745277
745437
745675
747218
746170
746009
747057
745598
746086
745111
746814
746898
746411
745273
745439
745680
747220
746169
747059
745114
746008
746083
745678
747219
745603
745275
745440
744869
746900
746407
746163
745844
745843
744870
745928
745200
746327
745764
746497
746897
746576
745524
745361
746733
744874
747143
746328
745033
746007
746249
746498
745926
745197
744873
745522
746896
746731
745031
745766
746006
746329
747140
746575
745359
746248
744871
745523
745765
747141
746493
746734
746003
746330
745198
746895
746574
745362
746251
745032
746654
745761
745520
746735
744956
747142
745925
745194
745034
746569
746252
745432
745363
745517
746981
746653
746732
745762
744957
747138
745924
746326
745195
745030
746571
746250
745357
745433
745923
745196
744950
746573
745355
746247
746655
745429
746728
745763
746980
746323
745024
747137
746322
745029
745601
746977
745596
746491
745112
747055
744954
745838
746084
746978
746812
746408
745274
745679
747217
746162
746656
746489
746490
745839
746811
744953
745594
746405
747054
745676
745110
746082
746979
746658
747215
746161
745272
745595
746975
747056
744952
745113
745841
746079
746492
746648
746404
746810
745681
745271
747216
746164
746974
747053
745597
746080
746488
745106
744951
745840
746002
746813
746406
745677
747213
745268
746158
746486
747051
745593
746081
745108
744944
745837
746976
746004
746400
745270
745674
747214
746157
746076
747049
745836
746005
746487
746401
746807
746809
744948
746159
745671
747212
745267
745591
745105
746973
745104
746485
746970
745356
746892
745518
745592
746729
744872
745758
746650
747136
746325
745922
745189
745430
746160
745352
745760
745921
745190
746893
744865
745354
745515
746156
745590
746651
746726
746324
747135
746891
746570
745431
744866
745514
745588
745759
746652
746727
745920
746316
745192
746894
746568
745353
745434
746154
747133
746572
745757
745519
746723
745107
747134
745916
746319
745191
746565
746242
745351
746647
745516
746722
744863
745102
745754
747130
745917
746321
746888
745193
745026
746566
746246
745348
745188
745346
746244
746649
745513
746725
744864
745099
745753
747132
745919
746317
746889
745028
746567
745512
745918
746646
746724
746320
746887
745027
746564
744867
745755
746482
747050
744949
745835
746078
746972
747129
746808
745025
746000
746243
745269
745424
745347
744946
745020
745833
747052
746075
746971
746560
746484
745998
746803
747131
745425
745350
746245
745266
747045
747125
744947
745834
746077
746483
746001
746805
745022
745349
746561
746237
745265
745428
746967
747046
746074
744945
745832
745999
746804
746236
745263
745427
745672
747211
746477
746481
747047
746073
744942
745831
746968
745997
746806
745018
746398
746239
745260
745426
745673
747210
745996
746478
746800
744939
745670
745261
746238
745423
747048
746072
745829
746966
745023
746399
747207
746070
747044
745830
746969
745021
746403
746890
746721
745510
745589
744868
745101
745756
746645
746318
745914
746402
745187
745665
747208
746152
745750
745911
745183
746884
744862
745511
745666
745583
746644
746720
746311
745100
746394
747209
746155
744861
745504
745751
745103
746643
745913
746314
746395
745185
746883
745667
746153
746719
747206
745587
745585
746639
745509
745098
746313
745912
746886
745182
745669
746149
745668
746638
745508
745586
746718
744859
745095
745752
747126
745915
746315
746885
745186
746559
746147
745507
745584
746640
746312
746879
746151
745664
745659
746717
744858
745097
745749
747127
745906
746562
745910
746715
746563
745748
745995
746802
746241
745506
746479
745094
747043
744940
745827
746071
746964
746801
745993
746553
746240
745264
745421
745340
744943
745505
747041
745096
745828
746069
746963
746480
746797
745344
745994
746554
745422
746232
745262
745499
746965
747042
744941
745092
746068
746476
745990
746798
746555
745345
746234
745255
745419
745825
747040
746471
745826
746961
747128
745991
745019
746393
746233
745256
745420
747204
745343
745821
746796
746799
746473
746962
747124
745909
745989
745014
746396
746235
745257
745418
747205
745342
747038
745992
746472
746795
747203
745259
745417
745582
746960
747123
745908
745015
746397
746231
745341
745907
745580
746959
746881
746391
746150
746878
745579
745747
747037
744934
746065
746641
747122
746310
745016
746388
745178
747201
746148
745335
745744
746882
744938
745339
747036
746067
745581
746642
746308
746389
745013
745177
747202
746142
745179
745577
745745
747035
744937
746064
746636
746306
746392
746880
745012
745336
746144
747198
747120
747119
744935
746637
747121
746066
744857
745093
745746
746307
745181
746390
746146
746633
745503
745578
746058
746716
744860
745090
745742
744936
746309
746875
746385
745662
746145
745180
744856
746634
745173
746304
746386
745502
745576
746063
746712
745089
745743
744933
746876
745661
746143
745500
745741
745573
746714
746874
745660
746474
746792
745501
746475
744853
745087
745822
745905
746713
746956
746793
746558
746227
745415
745663
747200
746470
745823
745901
746794
744851
745493
745658
745086
746958
745176
746710
746556
746226
745411
747199
746469
746711
744855
745498
746957
745088
745824
745902
746789
746557
745653
746230
745413
747197
745172
747034
745904
746788
745986
746549
746708
747118
745338
745416
745254
745818
745816
747033
746709
745091
747115
745903
745987
746791
745017
746552
746229
745258
745412
745337
746467
746468
746706
745011
745333
745414
745817
747031
745084
747117
745900
745988
746790
746551
746228
745250
745081
745898
745985
745249
745819
746954
747114
746225
746877
745574
747032
744928
745820
746059
746635
746955
747116
745983
746303
746387
745253
746140
745331
744932
747029
745812
745980
746062
746305
746384
746629
746952
747111
745251
745575
746870
745332
746138
746383
746953
747030
747110
744929
745813
746061
746632
745984
746301
746871
745330
745252
746141
745572
745569
744854
744930
745009
746382
746548
746224
747194
745497
745568
746060
746630
744850
745739
744931
746949
745010
746872
746380
746550
746222
745656
747196
746950
746379
746544
747195
744852
745570
745494
746056
745740
744927
745007
746873
746221
745654
744923
746631
745657
745495
744844
745738
746707
745174
746784
745408
745169
745496
746466
744845
745083
745737
746053
746704
745008
746302
746785
746220
745406
745655
745814
744848
745001
745492
745652
745082
746300
746461
746703
746786
745166
745735
746057
745410
746223
745571
745003
744849
745491
745085
746054
746463
746705
746297
746787
745167
745651
746216
745407
745736
745080
745897
745982
746295
745248
745409
745334
747027
746464
745077
745815
746702
746951
745899
745170
745981
746296
745244
745404
747190
745327
746139
745896
745978
745328
745405
747028
746462
745079
745811
746701
746948
745171
746294
745246
747193
746137
747026
746465
746299
745168
745075
745809
746944
745894
745245
747192
746136
746869
746947
744847
747025
744924
745810
747112
745892
745979
746378
746545
747191
745247
746134
745326
746865
744925
744846
745329
747024
745805
745976
746381
747113
745241
746946
746135
746547
747187
746866
744839
747023
747109
744926
745807
745895
745977
746377
746546
745321
745242
746130
747189
746945
745891
745490
745567
746055
744918
747108
745005
746868
746543
746215
746049
745488
745563
746627
744843
745733
744917
747107
745893
745004
746867
746783
746542
746217
745650
747106
745489
746050
745561
746864
744842
746625
745732
744920
745887
745002
746781
746538
746219
745646
744841
745889
746626
746782
746539
745645
745734
745164
745401
746861
745483
745562
746460
745729
746052
746624
746698
745006
746375
746540
745403
745649
746131
746459
745163
746863
744997
745486
745564
745644
746048
746376
746622
746700
745402
745731
746541
746132
745566
745485
745727
746051
746457
746621
746699
746373
745165
745000
746536
745648
745396
746862
747021
746458
745078
746696
746941
745160
745974
746298
746780
746218
745397
745323
747022
746454
745076
745806
746697
746943
745973
746293
746372
746775
746213
745399
747188
745322
745073
746456
746695
745157
745975
746291
746374
746212
745400
747019
745808
745158
746777
747184
745325
747185
745324
746816
745565
747020
744919
745162
746288
746210
745560
745070
747017
744922
745804
746776
746939
747105
745970
746292
745161
746214
745238
747183
745319
746778
745159
744921
745559
745071
745801
745972
746289
746940
747104
747186
745317
747018
746211
745239
747101
745555
746938
744916
745072
745802
745971
746290
746779
745154
745320
746209
745243
747182
747016
744914
744840
746535
745482
746047
746623
744838
745730
744913
747102
745886
744999
746860
746282
746537
745240
745647
746133
745487
746045
746617
744837
745728
744915
747100
744998
746858
745888
746283
746534
745643
745234
746128
744834
745484
745726
744912
745890
746043
746619
746857
744996
745641
745236
747103
746285
746532
746126
746859
745479
744836
745725
746046
746620
746693
747097
744992
745884
746533
745237
745398
745639
746127
745724
745885
746856
744835
744995
745476
745642
745235
746044
746615
746694
746129
747099
746529
745395
744832
745477
747098
746039
746616
746691
745883
746855
744993
746530
745637
745233
745391
746122
745723
745480
744833
746455
746692
746771
746208
747181
747014
745557
746451
745074
745803
746690
746937
745968
746368
746206
745393
747180
745316
745155
746772
746773
747015
745394
746453
745069
745556
745796
746689
746934
745156
745969
746366
746205
747179
745318
745799
746452
746688
745967
745313
745558
747011
745065
746935
746367
746204
747178
745552
746450
745064
747012
745800
746685
746936
745965
746371
746774
745153
746207
745390
747175
745312
746447
746766
745152
745549
747013
745067
745798
745963
746369
746687
746930
745311
745392
745175
746202
747177
747009
745551
746932
745066
745797
746449
746686
745962
746370
746769
745151
745314
746201
745385
747176
746854
745481
744829
745721
744911
746040
746618
744990
746284
746531
745640
745228
746123
745720
747093
744910
745638
746041
745478
744830
744994
745880
746286
746613
746121
746852
747096
746527
745229
745882
744831
745470
745722
747094
744909
746042
746610
746287
746853
744991
746528
745633
745230
746125
745717
745473
746034
746612
747095
745881
744988
746850
746280
746526
745232
745635
746124
745475
746036
746614
744828
745715
744904
745878
744985
746848
746281
746524
745227
745632
746118
747091
745472
745877
746851
746525
745634
745231
746035
746611
744824
745716
744905
744989
746279
746119
744827
746037
746609
744984
744907
746117
745794
746199
745554
746448
745068
747010
744906
745792
746933
745964
746277
746361
746767
745146
746200
747174
745315
744908
747006
745059
745793
745553
746446
745307
745310
745966
746278
746362
745150
746768
746931
747171
746203
745063
745550
747008
744902
745795
746445
745961
746274
746364
746770
745145
745305
746195
747173
746929
747007
747039
745547
746444
745791
746684
746928
745147
745959
746360
746765
747172
746441
747005
745546
745060
745787
746683
746926
745149
745958
746365
746763
746197
745389
747167
745309
745061
745543
747003
745789
745960
746764
745148
747170
746925
746678
746363
745386
746198
745306
746442
746607
747092
746849
746196
746845
745471
746443
744825
745719
746605
746679
747089
744986
745875
746354
746193
745224
745387
745631
745714
746846
744823
746440
745474
744987
745876
746358
746608
746681
747087
745388
745636
746194
745225
746680
744826
745468
745718
747088
746439
746606
745879
746356
744979
745627
746191
745222
745384
746844
745184
746038
746600
744821
744982
746847
746276
745628
746116
745467
746033
744817
744901
747086
745141
744983
746840
746273
746519
745221
745629
746120
746604
746602
746842
744981
745630
745709
745713
745469
746031
744822
744903
747085
745142
746272
746521
745223
746115
744819
747081
745466
746522
746030
745710
744899
745143
745226
747169
745927
744818
745062
744900
746032
746927
745871
745957
746275
746760
746523
747168
745220
746113
745308
745712
745708
744897
745304
746026
746922
744820
745873
745955
746269
745056
746761
746520
747164
746112
745219
744816
745711
746923
744895
745057
746025
745872
745956
746517
745303
746114
747166
745216
746603
746682
745058
746921
745874
745953
746762
746192
745383
747165
745300
747004
745548
746435
746601
746673
745055
745788
746924
745867
745954
746757
746187
745382
747160
745302
745869
747163
745381
746919
747000
745544
746436
746598
746677
745053
745790
745951
746759
746188
745301
745783
746437
745950
745298
747002
745545
744980
746843
745462
745542
746438
746674
745054
747001
745784
744974
745949
746357
745144
746518
746189
745463
746434
746841
745049
745785
745537
746675
744977
746997
745626
746355
745140
745952
746515
746190
745786
745464
745539
746999
745051
746676
745948
746359
745139
746838
744975
746516
745621
746186
746431
746027
744898
745780
744976
746270
746351
745380
745620
745294
746109
746029
744814
745707
744896
745782
747083
745136
744978
746839
746266
746349
745374
745624
745295
746107
745781
746350
744973
745297
745375
746028
744812
745704
744893
747084
745138
746837
746267
745622
746110
744815
745705
745137
746836
745623
745465
744894
746998
747082
745379
745460
745702
746995
744889
746024
746597
746920
747080
745870
746268
746758
745378
745625
745217
746111
745703
744890
746996
745617
745218
746022
746917
745457
745868
746271
746599
746756
747077
745377
746108
747078
745459
745706
746918
744892
746023
746595
745863
746263
746754
745618
745212
745376
746106
746994
746628
746942
745458
745538
746596
744813
746915
745865
745133
746753
746513
745215
745461
745540
746429
746594
746671
744811
746916
745864
745132
745946
746510
745213
747162
746105
745452
746589
745541
745211
746755
746430
746672
744809
746913
745866
745134
745943
746752
746512
747161
746103
746432
745945
746748
745135
746514
747159
746670
745531
746914
746352
746102
746730
745533
746433
746665
744810
745052
745700
746593
744969
745862
746353
746749
746511
746184
747156
745299
745699
744808
745050
746424
746590
744971
745859
746348
746751
745532
746667
746507
747158
745296
746182
746669
744806
745701
745048
746426
746592
745861
746347
746750
744970
746505
745292
746183
747157
745536
745947
746992
746265
746668
747155
745373
745046
745619
745779
746833
744972
746991
746020
745047
744891
745778
747079
745944
746264
746834
744968
746185
745615
745293
744887
746990
746019
746666
745045
745776
747075
745938
746262
746835
744964
746178
745370
745614
745290
745042
746664
745612
745289
745451
746021
747073
744966
745369
746832
745941
746993
745777
746016
746912
747074
744967
746257
746343
745131
745371
745611
746104
745455
746829
746986
745613
745775
746018
746344
745456
744963
745942
745125
746259
746911
747076
745372
746099
746989
745453
746910
747072
745774
746017
745940
746258
745128
746827
744965
745616
745368
746098
746345
745454
745534
747090
745698
744888
746909
745860
746746
746101
745446
745535
746428
744807
745694
744886
746907
745856
746747
745126
746346
745210
747152
745291
746097
745450
746745
744881
747154
745525
746425
744804
745697
745857
746908
745127
746342
745214
745285
746100
746427
745129
746337
744805
745695
746591
745208
745288
745447
745529
746423
744800
745696
744882
746586
747069
746744
745855
746509
746181
747153
745207
745286
745448
745689
744884
744803
745528
746422
746584
745858
746740
747070
746508
747148
745284
746177
745209
746419
745852
744801
745449
745530
745693
744883
746585
746741
746506
745287
746180
745206
747151
747071
746588
745773
747067
745939
746260
746828
745130
746502
746179
745367
746987
746015
746587
746659
745044
745772
745935
746261
746830
745122
744961
746503
746176
745205
745366
746831
746500
746172
746988
745365
746014
746582
746662
745040
745771
745933
746254
745121
744959
745199
746985
746579
746663
744962
745204
746011
745041
745120
745769
745937
746823
746341
746824
746661
745043
746984
745770
746013
746905
744960
745934
746256
746340
745123
745364
745606
746094
746660
746826
746983
745038
745768
746012
746255
744958
745936
746338
745124
745360
745610
746096
746903
746657
746982
745036
746010
745929
746253
746339
745118
746825
744955
745608
745358
746092
746906
745767
745527
744885
746334
747150
746421
745441
745526
746581
744802
745688
744876
747068
745851
746743
746336
746504
745605
747149
746093
746331
745521
745442
746420
746583
744795
745690
744877
745854
746742
746501
745607
747144
746095
745443
744796
746415
746738
746495
745609
745691
745853
746088
746822
746417
744797
745692
744879
746580
746904
747065
745847
745930
746494
746173
747145
745202
745280
745685
746414
746819
744878
744799
745281
746902
746578
745849
745931
747066
746499
747146
746171
745203
744798
745282
745686
746901
744880
746174
745201
745846
745932
746416
746496
746577
747147
746820
747061
747139
747064
778563
778564
778557
778556
778553
778555
778545
778554
778558
778559
778561
778562
778551
778546
778547
778552
778560
778549
778548
778550
778518
778541
778542
778543
778544
778538
778534
778528
778536
778535
778529
778537
778539
778540
778531
778520
778530
778532
778533
778521
778523
778526
778525
778519
778522
778524
778510
778527
778517
778516
778513
778515
778514
778504
778506
778512
778502
778509
778511
778508
778507
778503
778505
778496
778499
778501
778500
778497
778498
778492
778493
778491
778488
778490
778495
778489
778485
778486
778494
778487
778480
778477
778479
778473
778474
778478
778471
778469
778475
778476
778481
778483
778482
778484
778472
778467
778470
778462
778466
778468
778458
778463
778460
778465
778456
778461
778444
778457
778459
778464
778455
778454
778453
778447
778445
778440
778450
778448
778449
778452
778441
778438
778439
778446
778451
778442
778436
778437
778428
778429
778434
778443
778433
778435
778419
778421
778422
778430
778420
778423
778427
778425
778432
778424
778415
778418
778426
778416
778411
778412
778405
778413
778410
778414
778403
778402
778407
778408
778404
778409
778417
778406
778400
778401
778394
778396
778398
778397
778395
778389
778387
778390
778385
778381
778380
778376
778392
778383
778391
778386
778399
778393
778388
778379
778378
778382
778373
778371
778377
778384
778375
778374
778367
778370
778369
778366
778363
778368
778365
778360
778361
778364
778358
778356
778348
778347
778355
778346
778362
778349
778353
778354
778359
778357
778351
778350
778352
778345
778341
778339
778344
778337
778340
778342
778343
778329
778335
778338
778336
778333
778330
778332
778334
778331
778321
778320
778327
778328
778322
778323
778324
778325
778315
778326
778314
778316
778318
778313
778312
778317
778319
778311
778307
778309
778310
778308
778306
778305
778302
778297
778295
778299
778290
778288
778301
778293
778303
778304
778296
778298
778300
778294
778289
778287
778291
778280
778285
778283
778279
778292
778286
778282
778278
778281
778274
778272
778276
778273
778270
778275
778284
778263
778261
778269
778260
778252
778265
778257
778258
778251
778254
778256
778262
778247
778255
778264
778253
778259
778267
778243
778242
778245
778248
778249
778250
778241
778240
778244
778246
778239
778236
778234
778235
778232
778237
778266
778238
778227
778228
778230
778225
778233
778231
778226
778218
778219
778221
778222
778224
778223
778229
778215
778216
778220
778217
778211
778212
778210
778213
778214
778203
778206
778208
778209
778204
778207
778205
778200
778201
778202
778199
778198
778197
778189
778196
778190
778195
778194
778193
778191
778188
778192
778182
778183
778185
778186
778187
778184
778181
778172
778175
778177
778178
778176
778171
778168
778179
778166
778164
778161
778159
778165
778173
778174
778169
778180
778167
778162
778160
778163
778154
778153
778156
778144
778155
778157
778170
778152
778150
778148
778149
778151
778136
778145
778146
778147
778158
778138
778139
778140
778141
778143
778142
778137
778132
778129
778133
778135
778131
778128
778127
778130
778125
778122
778124
778120
778121
778126
778123
778134
778110
778102
778109
778104
778105
778116
778115
778112
778119
778118
778113
778114
778117
778111
778106
778100
778107
778097
778103
778108
778094
778096
778099
778095
778101
778098
778087
778090
778086
778088
778093
778081
778089
778091
778092
778079
778083
778080
778084
778085
778082
778074
778066
778064
778065
778069
778073
778075
778078
778077
778070
778071
778072
778076
778067
778053
778051
778057
778062
778063
778056
778061
778059
778054
778055
778052
778048
778050
778058
778068
778060
778047
778045
778049
778042
778043
778044
778036
778039
778038
778026
778046
778035
778037
778040
778041
778034
778027
778028
778031
778033
778030
778025
778032
778024
778022
778015
778016
778020
778010
778014
778017
778018
778019
778021
778023
778011
778012
778013
778009
778007
778006
778008
778004
778029
778005
778003
778000
777999
777996
777998
777995
778002
777997
778001
777990
777991
777989
777992
777993
777986
777984
777988
777994
777972
777980
777985
777981
777983
777987
777977
777978
777979
777974
777982
777975
777976
777973
777970
777968
777962
777967
777964
777969
777956
777963
777965
777966
777955
777957
777961
777954
777958
777971
777960
777951
777953
777950
777959
777952
777949
777948
777941
777947
777939
777944
777940
777945
777935
777943
777942
777936
777934
777931
777926
777932
777930
777937
777924
777938
777922
777925
777916
777915
777933
777927
777923
777919
777928
777929
777921
777918
777920
777914
777917
777909
777911
777912
777913
777910
777946
777900
777902
777905
777904
777907
777906
777903
777908
777901
777895
777898
777896
777897
777899
777891
777888
777881
777886
777890
777889
777894
777892
777882
777885
777883
777893
777887
777875
777879
777884
777869
777873
777876
777880
777871
777874
777877
777864
777865
777872
777867
777866
777868
777870
777878
777859
777863
777856
777858
777857
777860
777862
777852
777855
777853
777854
777847
777850
777841
777851
777848
777849
777845
777844
777846
777840
777842
777836
777843
777838
777834
777826
777832
777833
777861
777827
777830
777819
777829
777831
777835
777837
777823
777828
777824
777818
777816
777817
777812
777814
777821
777820
777822
777815
777806
777811
777801
777810
777807
777808
777813
777805
777799
777800
777797
777802
777798
777804
777809
777788
777786
777793
777794
777782
777787
777791
777792
777803
777790
777795
777789
777796
777784
777781
777780
777776
777778
777785
777775
777779
777772
777774
777777
777766
777768
777765
777767
777783
777773
777770
777764
777757
777771
777759
777758
777760
777769
777762
777761
777756
777763
777753
777754
777755
777748
777746
777749
777747
777750
777741
777751
777752
777745
777742
777743
777744
777732
777736
777737
777738
777739
777734
777729
777726
777740
777733
777724
777731
777728
777730
777735
777723
777727
777725
777722
777712
777720
777715
777716
777717
777718
777721
777719
777709
777711
777714
777707
777710
777708
777713
777704
777701
777697
777699
777702
777693
777694
777700
777703
777705
777706
777695
777698
777691
777696
777678
777684
777688
777692
777685
777683
777686
777689
777677
777690
777687
777679
777680
777681
777682
777673
777670
777671
777674
777676
777669
777675
777663
777666
777659
777664
777665
777667
777668
777672
777662
777661
777660
777655
777656
777658
777657
777652
777647
777649
777648
777650
777653
777651
777654
777646
777639
777645
777641
777643
777638
777640
777642
777634
777637
777636
777628
777633
777631
777630
777632
777644
777629
777635
777625
777621
777624
777627
777622
777626
777618
777615
777617
777620
777616
777614
777613
777619
777609
777600
777623
777601
777598
777607
777610
777606
777608
777611
777612
777597
777605
777603
777604
777599
777592
777586
777595
777596
777591
777594
777602
777585
777590
777582
777583
777587
777588
777589
777593
777574
777580
777578
777584
777575
777581
777576
777577
777579
777573
777566
777569
777571
777565
777570
777557
777568
777572
777558
777567
777563
777564
777559
777560
777552
777553
777549
777554
777545
777548
777542
777543
777562
777555
777561
777551
777556
777550
777547
777533
777544
777534
777540
777532
777536
777541
777546
777526
777530
777531
777539
777528
777537
777538
777535
777524
777525
777527
777529
777521
777520
777522
777514
777517
777513
777508
777509
777519
777510
777511
777512
777518
777523
777515
777516
777507
777506
777505
777499
777500
777501
777503
777504
777502
777492
777494
777496
777497
777493
777491
777495
777498
777483
777488
777487
777484
777486
777485
777490
777481
777475
777480
777476
777479
777478
777489
777477
777467
777468
777482
777473
777472
777469
777471
777453
777465
777461
777466
777462
777474
777470
777463
777460
777454
777456
777457
777452
777445
777449
777451
777447
777458
777450
777443
777448
777440
777464
777444
777455
777446
777441
777442
777436
777432
777431
777438
777435
777439
777433
777437
777434
777430
777428
777426
777429
777427
777425
777420
777422
777412
777415
777419
777418
777417
777421
777424
777413
777423
777410
777414
777411
777416
777406
777409
777404
777408
777402
777401
777407
777403
777399
777395
777400
777397
777396
777398
777405
777394
777389
777390
777388
777391
777393
777392
777381
777382
777380
777384
777386
777385
777387
777374
777375
777378
777383
777373
777377
777379
777376
777372
777364
777361
777370
777362
777360
777365
777368
777371
777367
777369
777359
777363
777357
777366
777358
777355
777351
777354
777356
777350
777353
777348
777344
777347
777352
777341
777337
777343
777334
777345
777346
777349
777342
777338
777340
777335
777336
777339
777331
777332
777326
777324
777322
777325
777330
777318
777319
777321
777323
777327
777328
777329
777320
777333
777315
777309
777307
777310
777313
777316
777317
777312
777301
777304
777308
777311
777302
777305
777303
777314
777306
777299
777295
777300
777296
777292
777291
777297
777283
777288
777293
777286
777298
777282
777287
777285
777278
777281
777280
777271
777272
777273
777284
777289
777294
777290
777275
777265
777274
777276
777277
777279
777266
777268
777269
777262
777270
777267
777263
777264
777258
777260
777257
777261
777259
777256
777251
777253
777245
777255
777246
777250
777236
777247
777239
777242
777249
777254
777252
777243
777235
777248
777244
777230
777229
777231
777228
777233
777234
777237
777238
777241
777221
777240
777232
777223
777227
777225
777222
777213
777217
777214
777216
777224
777226
777220
777215
777205
777206
777218
777219
777207
777210
777211
777208
777209
777201
777204
777212
777202
777200
777203
777199
777198
777195
777187
777196
777197
777188
777190
777193
777194
777191
777192
777180
777185
777186
777189
777172
777175
777163
777182
777184
777179
777183
777173
777177
777178
777174
777171
777162
777176
777165
777166
777181
777168
777169
777170
777167
777156
777159
777158
777164
777153
777157
777155
777160
777161
777146
777148
777149
777151
777154
777147
777150
777139
777152
777143
777142
777145
777134
777133
777127
777141
777135
777136
777138
777140
777144
777126
777137
777131
777132
777122
777129
777130
777121
777128
777113
777120
777123
777124
777125
777118
777116
777119
777115
777117
777101
777107
777106
777112
777108
777105
777109
777111
777114
777110
777098
777102
777100
777099
777103
777094
777092
777093
777089
777090
777091
777088
777095
777104
777081
777096
777097
777080
777085
777086
777079
777076
777074
777077
777078
777083
777082
777084
777087
777075
777072
777067
777070
777071
777073
777060
777062
777068
777063
777064
777066
777061
777069
777059
777057
777065
777053
777050
777055
777051
777044
777052
777056
777042
777045
777048
777046
777054
777058
777043
777047
777049
777035
777040
777039
777026
777037
777041
777029
777034
777031
777028
777024
777032
777022
777036
777027
777038
777030
777033
777019
777021
777023
777025
777018
777008
777014
777015
777020
777012
777013
777016
777005
777017
777009
777007
777011
777006
777004
777001
777010
777003
777000
777002
776993
776999
776991
776994
776996
776997
776990
776992
776998
776985
776995
776983
776984
776986
776988
776982
776987
776975
776976
776978
776979
776989
776980
776981
776977
776974
776966
776968
776973
776970
776967
776961
776965
776971
776972
776960
776969
776958
776959
776964
776957
778372
776962
776951
776953
776949
776963
776952
776954
776955
776956
776946
776950
776945
776947
776943
776944
776948
776935
776940
776929
776936
776937
776939
776933
776931
776942
776938
776941
776934
776932
776930
776927
776928
776923
776921
776915
776913
776917
776920
776922
776924
776925
776926
776918
776919
776916
776906
776914
776908
776901
776902
776900
776904
776903
776912
776897
776905
776909
776910
776911
776899
776898
776896
776895
776889
776907
776894
776893
776887
776891
776892
776888
776886
776881
776885
776883
776884
776890
776874
776875
776879
776877
776876
776880
776882
776871
776878
776872
776867
776873
776870
776861
776862
776866
776865
776868
776863
776864
776869
776855
776860
776854
776848
776852
776857
776858
776844
776851
776846
776859
776847
776845
776836
776843
776839
776849
776850
776856
776853
776838
776841
776837
776830
776840
776842
776829
776831
776835
776832
776834
776833
776821
776827
776828
776826
776820
776824
776825
776823
776822
778431
776815
776802
776813
776812
776811
776814
776816
776817
776810
776818
776819
776809
776807
776808
776805
776796
776797
776801
776803
776804
776806
776798
776799
776800
776793
776788
776789
776791
776794
776795
776792
776790
776781
776784
776786
776783
776785
776782
776779
776780
776787
776776
776777
776778
776774
776768
776772
776770
776771
776773
776775
776764
776769
776763
776767
776762
776754
776755
776759
776758
776746
776749
776765
776761
776766
776760
776757
776753
776756
776752
776751
776750
776747
776745
776743
776748
776744
776742
776737
776740
776739
776735
776736
776738
776741
776728
776732
776733
776731
776730
776734
776727
776729
776719
776723
776725
776724
776726
776721
776712
776720
776722
776713
776716
776715
776711
776717
776718
776708
776714
776710
776706
776709
776700
776702
776705
776698
776704
776701
776699
776703
776697
776707
777459
776688
776692
776694
776689
776695
776696
776690
776693
776681
776682
776683
776691
776679
776685
776686
776678
776680
776684
776687
776677
776674
776675
776676
776671
776668
776667
776672
776661
776662
776673
776658
776670
776659
776669
776664
776665
776666
776663
776660
776652
776656
776653
776657
776651
776644
776650
776642
776654
776655
776631
776637
776648
776643
776647
776646
776649
776645
776633
776639
776641
776634
776640
776635
776636
776638
776627
776630
776628
776625
776632
776623
776629
776619
776621
776626
776622
776617
776618
776620
776610
776606
776612
776613
776624
776614
776615
776607
776608
776611
776605
776602
776603
776609
776616
776604
776600
776601
776597
776596
776598
776593
776599
776589
776592
776595
776590
776594
776591
776581
776584
776588
776582
776585
776583
776586
776578
776575
776587
776577
776576
776573
776574
776570
776565
776580
776561
776579
776567
776566
776569
776572
776568
776563
776571
776562
776557
776559
776564
776553
776555
776554
776550
776560
776558
776556
776551
776545
776552
776546
776547
776548
776549
776544
776540
776541
776543
776542
776538
776534
776533
776527
776525
776535
776539
776532
776536
776529
776530
776531
776516
776528
776537
776526
776523
776524
776518
776513
776517
776520
776515
776519
776521
776510
776512
776514
776511
776507
776508
776509
776522
776498
776501
776503
776505
776499
776502
776497
776506
776492
776500
776494
776504
776495
776490
776491
776496
776482
776493
776485
776484
776487
776488
776483
776489
776486
776480
776481
776477
776478
776468
776465
776475
776479
776474
776476
776466
776469
776471
776473
776470
776472
776467
776459
776461
776458
776462
776463
776464
776455
776450
776452
776453
776454
776457
776456
776460
776451
776446
776449
776445
776442
776444
776448
776436
776440
776433
776435
776439
776441
776438
776443
776432
776434
776437
776447
776424
776431
776430
776428
776421
776419
776423
776427
776425
776426
776429
776422
776416
776420
776418
776417
776414
776415
776409
776413
776405
776412
776406
776411
776400
776407
776399
776410
776408
776401
776397
776403
776404
776398
776393
776402
776388
776395
776390
776391
776392
776394
776396
776389
776375
776379
776374
776376
776387
776382
776386
776384
776383
776385
776381
776378
776377
776373
776380
776372
776364
776369
776367
776368
776370
776371
776362
776365
776352
776351
776354
776353
776359
776361
776363
776366
776360
776355
776356
776357
776358
776345
776350
776338
776343
776336
776344
776347
776349
776342
776348
776337
776346
776339
776341
776328
776333
776340
776320
776329
776334
776322
776331
776332
776335
776324
776326
776321
776325
776327
776317
776323
776330
776318
776315
776316
776313
776314
776312
776319
776309
776311
777825
776303
776308
776307
776310
776304
776305
776295
776298
776302
776306
776300
776301
776293
776294
776297
776287
776283
776285
776279
776286
776296
776299
776290
776288
776284
776289
776291
776292
776277
776280
776269
776275
776276
776281
776272
776270
776278
776282
776274
776271
776266
776267
776268
776273
776259
776261
776260
776264
776251
776253
776262
776263
776265
776255
776256
776258
777839
776252
776249
776254
776242
776247
776257
776243
776245
776248
776250
776244
776241
776246
776233
776238
776234
776240
776237
776239
776225
776229
776235
776231
776226
776232
776227
776230
776228
776236
776221
776222
776220
776223
776218
776224
776215
776216
776217
776219
776209
776210
776207
776212
776213
776214
776211
776208
776200
776198
776203
776202
776204
776201
776199
776206
776192
776205
776197
776193
776194
776196
776195
776190
776191
776183
776182
776185
776188
776189
776184
776186
776187
776178
776179
776167
776165
776176
776174
776177
776173
776175
776181
776180
776171
776169
776168
776170
776172
776166
776162
776164
776159
776146
776160
776157
776161
776163
776153
776156
776158
776152
776155
776150
776154
776137
776138
776140
776141
776143
776151
776135
776145
776136
776139
776144
776147
776148
776149
776142
